col1,col2,col3,col4,col5,col6
1,0,106,63,793.549,-0.315936322
2,1,180,70,889.083,0.26032682
3,1,148,74,930.016,0.775125259
4,0,135,68,865.363,-1.081747617
5,0,143,66.5,834.344,-1.219115746
6,1,NA,NA,892.42,1.107253895
7,0,140,68,798.612,-1.641986304
8,0,139,64.5,893.983,0.214111516
9,1,134,66.3,904.858,1.80681323
10,1,179,75.5,935.863,0.659919304
11,1,181,69,879.987,0.18599172
12,0,114,63,831.772,0.081783206
13,0,175,66,854.258,-1.013067118
14,0,146,66,878.897,-1.070620301
15,1,186,76.5,905.94,-0.669720346
16,0,146,69,928.799,-0.194005734
17,1,178,73.5,945.088,-0.119432937
18,0,136,66.3,808.02,-1.301965885
19,1,187,77,1062.462,1.417573901
20,1,192,75.5,997.925,-0.523399838
21,0,159,66.5,866.662,0.138667813
22,0,118,64.5,833.868,-1.150695977
23,0,127,68.5,852.244,-1.618273571
24,0,118,64.5,816.932,-0.090340716
25,0,127,62.5,857.782,-0.244147534
26,0,153,66.5,948.066,1.274694571
27,1,172,68.8,965.353,2.168168098
28,1,172,68.8,955.466,-0.049679567
29,0,122,62,790.619,-1.648181986
30,1,155,69,924.059,-0.641375051
31,0,147,65,951.545,0.15644981
32,0,138,64.5,991.305,-0.71416611
33,1,143,73.3,1038.437,1.985183485
34,1,132,68,955.003,-0.686600879
35,0,155,70.5,856.472,0.585257581
36,1,NA,72.5,1001.121,0.686461941
37,1,144,70.5,949.395,0.317941859
38,1,151,70,1079.549,0.676867244
39,1,171,72,935.494,1.128448629
40,1,191,67,949.589,0.367419656
