col1,col2,col3,col4,col5,col6,col7,col8
1,16,17,14,14,15,15,13
2,11,14,7,13,13,9,15
3,7,12,12,13,10,11,12
4,16,14,18,14,14,16,12
5,14,17,14,12,16,13,15
6,17,14,15,18,15,20,19
7,12,8,12,9,5,10,11
8,16,12,15,16,13,17,16
9,17,17,14,19,16,14,14
10,13,16,12,16,14,13,14
11,14,12,15,13,16,14,13
12,12,13,12,15,12,17,15
13,17,15,20,18,16,13,14
14,19,15,15,14,15,16,18
15,17,16,14,16,17,17,16
16,16,16,17,16,16,14,18
17,14,12,13,13,11,14,15
18,13,11,13,13,13,16,13
19,17,15,16,15,17,16,17
20,14,16,19,13,17,15,14
21,15,15,15,16,16,13,17
22,12,13,12,10,14,12,14
23,15,12,12,12,12,15,13
24,19,15,16,15,15,18,16
25,15,13,13,12,15,14,13
26,17,15,18,15,16,16,15
27,17,17,17,20,13,16,15
28,15,13,13,11,9,12,12
29,12,14,10,10,11,9,11
30,10,13,11,12,12,12,12
31,17,16,16,14,17,17,18
32,16,12,10,18,13,15,11
33,14,13,13,12,15,14,14
34,15,12,14,16,15,14,11
35,16,15,13,15,15,14,14
36,13,15,14,14,16,13,14
37,15,13,16,14,17,15,15
38,16,14,15,15,13,15,17
39,14,12,15,14,12,12,15
40,13,13,14,15,14,14,14
